4130
3213
4762
6244
5616
6921
6656
1644
8506
8199
9661
6175
9501
1872
4892
9656
6880
1412
4253
2
721
1507
2040
7712
1678
7764
8431
8679
2736
8661
5581
1657
4482
6448
7210
3551
6559
2823
1744
5570
8345
2076
7896
7270
4358
9103
3037
8819
3557
500
7507
2833
9791
464
1792
2895
8248
4672
9128
2784
8564
6470
5191
803
1990
2993
2199
1470
3220
200
1457
3511
1351
8916
3504
5646
3118
647
9713
9417
6673
1836
7126
2893
2547
1275
6650
1223
2065
2377
6944
5573
888
6234
436
8243
4323
2373
4162
6309