3756
9927
1299
5493
8715
9873
1742
1570
5567
6310
1742
6934
2613
9828
9267
8968
5217
5858
1212
1904
9998
7534
3458
247
1587
693
6497
7773
3250
6207
4929
4887
9530
676
3907
5827
6588
8751
262
3177
9962
7773
4154
400
5211
850
4460
1737
8380
1001
8431
4620
9137
4917
4492
7294
2280
1800
6160
7452
9534
6111
4116
4422
6315
8553
6746
4747
2633
6371
6867
988
8946
1905
7789
6384
2951
6282
6490
5044
7917
1841
5436
4252
3761
2043
5340
9755
7996
2002
9305
4027
1506
2677
5646
6137
6725
8041
9197
8608