7094
283
431
6791
6412
9422
4948
2460
6099
8076
3493
449
9273
6417
4962
8616
3041
5009
4598
540
9299
3169
3024
1507
2067
5317
1723
1839
4477
7012
8189
9667
3018
5128
3865
4547
402
5329
1569
3076
9326
6473
5323
2962
1480
4066
3454
9969
8066
556
4874
9147
9487
322
7570
455
66
9988
1783
1803
5505
6352
8370
9816
197
6105
6077
2196
6369
362
8094
1973
893
9188
4321
9705
8270
3826
6449
2371
6803
1710
819
8544
4654
1820
8576
4839
3357
8036
413
4046
6613
413
2312
5753
1642
7317
3408
9134