9543
1280
7562
3295
2683
5159
4378
6715
46
8157
3527
7957
6994
4849
4620
8617
1048
5237
5428
6829
6558
6430
1310
3991
2853
522
5360
4601
4161
5725
2072
6186
4698
5178
9022
6802
8736
6539
6005
642
9755
1134
5296
1646
4976
6556
1201
8376
5775
726
6589
1850
6345
8382
8075
1632
8528
8751
4363
8992
9734
7354
5171
5046
4839
1183
3477
8992
4787
3636
6252
3522
7747
421
1669
3463
1277
8968
9819
8198
5523
5467
9514
7405
1221
1837
6725
7244
7879
8949
4675
4976
1693
9891
2388
3178
2098
6210
1746
1947